1330321197712040614
133032119730415484X
1330302197511205225
1330302197801092011
1430111196904153723
1330302197503167329
1330302197803073228
1330302197606304840
1330327197502040622
1330302197704197321
1330302197603065928
1330381198404195412
1330302197001255265
1330302198607132416
1330302198509033211
1330327198906250022
1330381198601142213
1330302197210273224
1330327198403291746
1330324198304051019
1330381198512011414
1510182198602016824
1330302198803062021
1330324196608091360
1330326197106250015
1330302198502041614
1330381198610086524
1330302197811262424
1430281198209179124
133030219731216482X
1330302197511144020
1330324198401310414
1330382198704186936
1330304198301282115
1330302197701315214
1330321197701280014
1330302197801161611
133030219821108207X
1330302197501094824
1330326198109120739
1330302198307120042
1330327198304280056
1330302198205190832
1330302198509233619
1330303198512151231
1330326198707290017
1330303198509240313
1330381198309012286
1330381198410033612
1330304198605029610
1330304198808170614
1330382198708154915
1330304198806252712
1330304198803050015
1330302198808300017
1330324198308060393
1330381198806063615
1330329198109121933
1330681198704301535
1330327198902171714
1330327199010142525
1429004198607101579
133010219900323241X
1331002198606010913
1330127198610016316
1330327199207045673
1342901198903177029
1330681199303274913
1330822197602140028
1330325198011150319
1330302198209110422
1330327197909260029
1330302198211052022
1330302198311235221
1330302198410083622
1330302198407013228
1330302198703262018
1330382198706124763
1330902198210246514
1330421198712123524
133032719840305082X
1330304198905122729
133030319791107091X
1330322198809120021
1330322197210081623
1330326198609190725
1330802198706103626
1330327198306248797
1330382198909051752
1330302198911022019
1330302198709242819
1330324198411192116
1330302198808152480
1330327198510250616
1330303198605200610
1630103199005180016
132102319820316343X
1411123198711159514